1 0.800000 0.743750 0.211667 0.512500
1 0.799583 0.424375 0.097500 0.138750
1 0.799583 0.330000 0.084167 0.057500
2 0.727083 0.318125 0.015833 0.033750
0 0.211250 0.335625 0.059167 0.041250
0 0.427500 0.287500 0.030000 0.035000
0 0.418750 0.262500 0.029167 0.022500
3 0.230000 0.478125 0.036667 0.088750
3 0.356250 0.412500 0.049167 0.057500
3 0.226250 0.396250 0.052500 0.067500
4 0.788333 0.233125 0.021667 0.026250
3 0.598750 0.246875 0.015833 0.023750
0 0.449583 0.280625 0.015833 0.031250
0 0.529167 0.256250 0.031667 0.017500
0 0.748750 0.212500 0.032500 0.022500
5 0.699583 0.230000 0.020833 0.025000
4 0.359167 0.298750 0.035000 0.032500