0 0.880833 0.833960 0.095000 0.159148
0 0.253333 0.843358 0.150000 0.142857
3 0.485833 0.706140 0.055000 0.096491
0 0.382917 0.707393 0.044167 0.121554
0 0.505417 0.647243 0.037500 0.026316
0 0.474583 0.622180 0.057500 0.041353
2 0.461250 0.585840 0.022500 0.036341
0 0.549583 0.604637 0.049167 0.051378
0 0.502917 0.585213 0.045833 0.035088
0 0.576667 0.557018 0.020000 0.043860
5 0.524583 0.548872 0.044167 0.040100
2 0.495833 0.558271 0.011667 0.016291
3 0.505000 0.506892 0.018333 0.031328
3 0.542500 0.490602 0.018333 0.028822
3 0.569583 0.487469 0.015833 0.027569
3 0.591667 0.481830 0.013333 0.026316
3 0.604167 0.486842 0.013333 0.026316
3 0.707500 0.475564 0.011667 0.023810
3 0.789583 0.575815 0.024167 0.053885
0 0.622917 0.474937 0.015833 0.020050
0 0.610417 0.464912 0.012500 0.017544
0 0.636250 0.462406 0.009167 0.017544
0 0.721667 0.484962 0.015000 0.022556
0 0.738750 0.498120 0.010833 0.028822
0 0.680833 0.446115 0.010000 0.012531
0 0.666250 0.466792 0.014167 0.008772
2 0.657917 0.525689 0.014167 0.026316
1 0.691250 0.462406 0.017500 0.017544
4 0.680417 0.478697 0.017500 0.017544
4 0.682500 0.518797 0.031667 0.062657
4 0.715000 0.436717 0.010000 0.016291