0 0.684000 0.893204 0.104000 0.165049
0 0.524667 0.781553 0.052000 0.101942
0 0.448000 0.745146 0.050667 0.106796
0 0.590000 0.718447 0.049333 0.077670
0 0.518667 0.673544 0.037333 0.065534
2 0.580667 0.637136 0.009333 0.031553
0 0.486667 0.609223 0.042667 0.048544
0 0.546000 0.612864 0.046667 0.050971
2 0.062000 0.777913 0.025333 0.041262
0 0.310667 0.632282 0.045333 0.055825
0 0.368000 0.618932 0.048000 0.048544
2 0.343333 0.609223 0.014667 0.033981
3 0.296000 0.531553 0.016000 0.033981
0 0.552000 0.587379 0.058667 0.043689
0 0.571333 0.566748 0.046667 0.031553
0 0.446667 0.529126 0.016000 0.029126
0 0.431333 0.533981 0.014667 0.024272