0 0.206275 0.950721 0.092123 0.098558
0 0.419226 0.977163 0.066756 0.045673
0 0.556742 0.894231 0.072096 0.105769
5 0.230307 0.843750 0.065421 0.125000
2 0.495327 0.933894 0.024032 0.074519
2 0.162884 0.919471 0.026702 0.064904
4 0.314419 0.847356 0.060080 0.132212
0 0.606142 0.846154 0.064085 0.091346
0 0.156208 0.787260 0.104139 0.069712
0 0.397864 0.919471 0.077437 0.112981
2 0.444593 0.897837 0.026702 0.055288
0 0.471963 0.836538 0.057410 0.091346
0 0.580107 0.793269 0.046729 0.072115
5 0.335781 0.772837 0.046729 0.108173
3 0.265020 0.781250 0.033378 0.086538
3 0.409880 0.837740 0.040053 0.088942
0 0.451936 0.787260 0.052069 0.060096
1 0.318425 0.703125 0.052069 0.132212
0 0.477303 0.735577 0.030708 0.052885
1 0.483311 0.644231 0.066756 0.096154
1 0.346462 0.623798 0.049399 0.069712
1 0.439920 0.618990 0.025367 0.069712
1 0.413218 0.588942 0.025367 0.057692
0 0.417891 0.693510 0.034713 0.036058