2 0.665625 0.650833 0.028750 0.055000
0 0.851875 0.550000 0.081250 0.040000
3 0.782500 0.598333 0.047500 0.066667
0 0.987500 0.705000 0.025000 0.080000
3 0.701250 0.521667 0.030000 0.040000
0 0.675625 0.508333 0.018750 0.040000
3 0.541250 0.539167 0.027500 0.051667
3 0.536875 0.487500 0.018750 0.035000
0 0.636875 0.469167 0.043750 0.025000
0 0.596875 0.457500 0.021250 0.025000
3 0.540625 0.452500 0.013750 0.021667
0 0.585625 0.541667 0.041250 0.046667
3 0.258750 0.626667 0.050000 0.080000
0 0.458750 0.484167 0.025000 0.031667
2 0.401875 0.485000 0.013750 0.023333
4 0.434375 0.435000 0.011250 0.023333