2 0.638571 0.573569 0.048571 0.089918
2 0.702143 0.577657 0.055714 0.141689
2 0.929286 0.540872 0.052857 0.106267
2 0.579286 0.779292 0.098571 0.190736
5 0.884286 0.420981 0.142857 0.144414
0 0.598571 0.709809 0.185714 0.193460
0 0.305714 0.826975 0.254286 0.264305
0 0.485714 0.460490 0.131429 0.108992
0 0.422857 0.562670 0.145714 0.160763
0 0.596429 0.513624 0.144286 0.122616
0 0.590000 0.450954 0.154286 0.138965
0 0.760000 0.427793 0.137143 0.152589
0 0.166429 0.430518 0.087143 0.081744
0 0.163571 0.344687 0.061429 0.084469
0 0.091429 0.391008 0.057143 0.084469
0 0.205000 0.378747 0.061429 0.092643
3 0.292143 0.685286 0.112857 0.215259
3 0.184286 0.280654 0.037143 0.065395
3 0.161429 0.284741 0.034286 0.073569
0 0.277857 0.321526 0.044286 0.054496