3 0.141602 0.758057 0.241298 0.230880
2 0.077222 0.644901 0.153768 0.129630
2 0.740284 0.901275 0.150389 0.191679
2 0.924637 0.826359 0.131125 0.198653
2 0.380027 0.590188 0.077391 0.115440
2 0.464177 0.612554 0.084826 0.120250
2 0.554410 0.540765 0.078067 0.090669
2 0.455052 0.520202 0.066577 0.075517
2 0.403346 0.463203 0.048327 0.065897
2 0.361778 0.390693 0.061845 0.079125
2 0.482426 0.229197 0.025346 0.035113
2 0.467050 0.215127 0.029064 0.031506
2 0.430720 0.259740 0.037513 0.038480
2 0.386955 0.277297 0.029064 0.035113
2 0.656303 0.262145 0.031092 0.044733
2 0.513856 0.177609 0.026022 0.018519
2 0.601724 0.180375 0.021967 0.022607
2 0.590740 0.109788 0.013518 0.008899
2 0.585164 0.155724 0.012504 0.019962
2 0.479047 0.138769 0.014532 0.017797
0 0.866340 0.582732 0.267320 0.211640
0 0.234708 0.487494 0.205813 0.140933
3 0.664921 0.447932 0.125380 0.129149
3 0.528219 0.436388 0.112876 0.108466
1 0.937310 0.435426 0.125380 0.207071
0 0.510477 0.374820 0.144981 0.094036
3 0.674045 0.373858 0.120649 0.101732
4 0.858567 0.338865 0.118621 0.115440
0 0.764278 0.284752 0.115918 0.054353
3 0.617945 0.305195 0.082122 0.076960
0 0.361778 0.241462 0.113890 0.052910
4 0.594965 0.254570 0.107131 0.068062
1 0.701419 0.190356 0.167962 0.126263
0 0.617607 0.159091 0.030078 0.031025
0 0.605610 0.142256 0.036499 0.023329
3 0.572491 0.127465 0.027036 0.018759
0 0.596654 0.123256 0.023995 0.019000
1 0.520108 0.126142 0.054072 0.054113
0 0.512673 0.170875 0.044610 0.028620
0 0.528050 0.155724 0.042244 0.026696
0 0.568097 0.114598 0.028388 0.009861
0 0.568435 0.107263 0.028388 0.007696
0 0.591754 0.104618 0.022305 0.014911
0 0.553058 0.124459 0.012504 0.021405
0 0.582460 0.097884 0.019939 0.008658
0 0.572829 0.093074 0.015546 0.010101
1 0.507942 0.094036 0.041906 0.019721
4 0.541568 0.099567 0.026022 0.024050
1 0.549341 0.091871 0.031430 0.022607
1 0.539371 0.078523 0.037175 0.010342
1 0.514194 0.076840 0.030078 0.012266
1 0.493410 0.072150 0.022981 0.012987
1 0.481413 0.064695 0.021967 0.009620
1 0.501352 0.061929 0.017236 0.008418
1 0.566746 0.079846 0.018249 0.012987