1 0.425658 0.495455 0.177632 0.136364
1 0.462500 0.376623 0.125000 0.036364
1 0.516447 0.268831 0.114474 0.054545
1 0.622368 0.466234 0.134211 0.077922
1 0.230263 0.751948 0.236842 0.103896
1 0.588158 0.650000 0.226316 0.068831
1 0.469737 0.862987 0.068421 0.266234
1 0.222368 0.900000 0.413158 0.200000
2 0.298684 0.514935 0.047368 0.048052
2 0.328947 0.567532 0.023684 0.075325
1 0.685526 0.900649 0.378947 0.190909
2 0.584868 0.562338 0.051316 0.085714
1 0.658553 0.369481 0.127632 0.035065
1 0.596711 0.325974 0.138158 0.033766
1 0.564474 0.357143 0.047368 0.085714
1 0.812500 0.261688 0.088158 0.048052
1 0.808553 0.325325 0.109211 0.066234
0 0.805921 0.674026 0.148684 0.054545
4 0.403947 0.645455 0.092105 0.127273
0 0.778289 0.591558 0.106579 0.081818
0 0.844079 0.552597 0.114474 0.076623
0 0.840789 0.742857 0.118421 0.077922
0 0.894737 0.844156 0.118421 0.124675
0 0.944079 0.957792 0.109211 0.081818
0 0.765789 0.405195 0.052632 0.051948
0 0.248684 0.458442 0.068421 0.064935
0 0.952632 0.624026 0.094737 0.128571
0 0.828947 0.493506 0.100000 0.064935
0 0.760526 0.483766 0.031579 0.071429
0 0.728947 0.353896 0.052632 0.048052
1 0.968421 0.356494 0.034211 0.087013
4 0.713816 0.318182 0.051316 0.033766
1 0.903289 0.255844 0.080263 0.033766
0 0.931579 0.311688 0.042105 0.023377
4 0.967105 0.298701 0.034211 0.036364
1 0.605921 0.192857 0.051316 0.032468
1 0.569737 0.242208 0.060526 0.029870
1 0.607237 0.235714 0.075000 0.048052
1 0.673684 0.242857 0.065789 0.054545
1 0.636184 0.298052 0.098684 0.050649
1 0.800000 0.206494 0.047368 0.015584
4 0.788158 0.223377 0.036842 0.020779
0 0.948684 0.216234 0.052632 0.029870
4 0.985526 0.213636 0.028947 0.042857
1 0.922368 0.193506 0.034211 0.023377
1 0.889474 0.191558 0.028947 0.032468
1 0.690789 0.170779 0.028947 0.019481
1 0.671053 0.196753 0.031579 0.032468
0 0.722368 0.197403 0.018421 0.015584
0 0.728289 0.235065 0.035526 0.012987
1 0.641447 0.199351 0.030263 0.029870
1 0.635526 0.179221 0.031579 0.012987