0 0.270593 0.930300 0.134719 0.139401
1 0.246343 0.750576 0.137028 0.213134
1 0.104311 0.741359 0.151655 0.252304
1 0.026559 0.820853 0.051578 0.222350
1 0.201694 0.537442 0.080062 0.093318
1 0.184373 0.609447 0.096228 0.055300
1 0.293687 0.654378 0.122402 0.182028
0 0.575443 0.898618 0.120862 0.140553
0 0.543110 0.826613 0.086990 0.127880
0 0.527329 0.773041 0.078522 0.099078
0 0.776366 0.776498 0.088530 0.085253
0 0.919554 0.938940 0.148576 0.122120
0 0.877598 0.739055 0.096998 0.079493
0 0.937259 0.777074 0.096228 0.072581
0 0.977290 0.860599 0.045420 0.158986
0 0.827560 0.667627 0.047729 0.072581
1 0.956890 0.558756 0.086220 0.126728
1 0.865666 0.523618 0.099307 0.109447
1 0.791378 0.455069 0.103156 0.105991
1 0.633179 0.442972 0.097768 0.095622
0 0.503464 0.673963 0.069284 0.046083
1 0.349115 0.441244 0.060816 0.052995
4 0.574288 0.468894 0.075443 0.133641
4 0.690531 0.550691 0.070824 0.096774
5 0.755966 0.510369 0.058507 0.066820
0 0.391455 0.551843 0.048499 0.052995
1 0.260970 0.394585 0.052348 0.063364
1 0.242109 0.509217 0.068514 0.142857
1 0.394919 0.415323 0.061586 0.063364
0 0.477290 0.602535 0.063125 0.082949
0 0.495766 0.637673 0.061586 0.058756
0 0.445727 0.539171 0.046189 0.057604
0 0.363356 0.362327 0.020015 0.024194
0 0.386451 0.361175 0.020015 0.024194
1 0.335258 0.410714 0.051578 0.051843
1 0.307544 0.474654 0.066975 0.064516
0 0.404927 0.616359 0.053888 0.025346
0 0.409546 0.643433 0.070824 0.028802
0 0.401848 0.668203 0.072363 0.036866
0 0.978060 0.818548 0.043880 0.077189
4 0.903002 0.668203 0.110855 0.158986
1 0.745574 0.393433 0.083911 0.054147
0 0.595458 0.554147 0.045420 0.043779
0 0.762510 0.593318 0.051578 0.025346
1 0.667436 0.437788 0.040031 0.066820
4 0.523480 0.448733 0.033872 0.063364
1 0.474211 0.353111 0.029253 0.033410
0 0.526174 0.412442 0.025404 0.023041
0 0.501155 0.399194 0.020015 0.024194
1 0.313318 0.369816 0.038491 0.020737
1 0.296382 0.413594 0.016936 0.041475
1 0.559661 0.382488 0.030793 0.041475
1 0.526559 0.358295 0.030793 0.048387