1 0.715000 0.478000 0.159333 0.250000
4 0.925333 0.871500 0.149333 0.247000
0 0.174667 0.905500 0.133333 0.181000
0 0.074333 0.920000 0.074000 0.116000
0 0.209000 0.749500 0.143333 0.221000
0 0.243000 0.688500 0.110000 0.185000
0 0.308000 0.596500 0.082667 0.149000
0 0.294333 0.626500 0.110000 0.103000
0 0.332000 0.477500 0.096000 0.095000
0 0.436000 0.670000 0.088000 0.222000
0 0.422667 0.700000 0.104000 0.180000
0 0.394333 0.850000 0.118000 0.300000
0 0.362000 0.905000 0.174667 0.190000
0 0.717000 0.931500 0.194000 0.137000
1 0.374000 0.355000 0.058667 0.250000
1 0.342333 0.343500 0.076667 0.139000
0 0.510667 0.443500 0.078667 0.123000
0 0.585000 0.407000 0.078000 0.108000
0 0.559667 0.346500 0.066000 0.073000
0 0.456667 0.310500 0.016000 0.079000
0 0.416333 0.329500 0.027333 0.099000
0 0.494333 0.334000 0.059333 0.090000
0 0.453667 0.239000 0.032667 0.064000
1 0.534333 0.246000 0.071333 0.126000
1 0.577667 0.166000 0.051333 0.064000
0 0.460000 0.189500 0.032000 0.037000
1 0.535333 0.113500 0.026667 0.041000
0 0.543667 0.174500 0.011333 0.025000
1 0.560000 0.072500 0.018667 0.039000
0 0.500667 0.148500 0.029333 0.037000
0 0.504000 0.074500 0.014667 0.019000
0 0.521333 0.077500 0.013333 0.017000
1 0.532000 0.054500 0.014667 0.015000
0 0.649667 0.347000 0.066000 0.014000
0 0.622333 0.375500 0.018000 0.057000