2 0.437774 0.590226 0.035022 0.063910
0 0.499687 0.602914 0.071295 0.109962
0 0.444653 0.692669 0.067542 0.157895
4 0.333959 0.815789 0.180113 0.364662
1 0.597248 0.891917 0.187617 0.216165
1 0.629769 0.787594 0.133834 0.422932
0 0.714822 0.580357 0.056285 0.093045
0 0.018762 0.947368 0.032520 0.082707
0 0.222639 0.696898 0.116323 0.121241
0 0.203565 0.508459 0.093183 0.048872
3 0.350219 0.500000 0.038774 0.063910
0 0.244215 0.491541 0.049406 0.062030
0 0.322076 0.459586 0.051282 0.046992
2 0.313321 0.414944 0.010006 0.029135
2 0.463415 0.440320 0.016260 0.040414
0 0.368981 0.425752 0.033771 0.020677
0 0.396811 0.416823 0.031895 0.029135
0 0.422764 0.404605 0.027517 0.029135
0 0.436836 0.394267 0.021889 0.027256
0 0.454034 0.388158 0.030019 0.030075
4 0.405566 0.370301 0.016886 0.020677
3 0.494684 0.424812 0.026266 0.033835
0 0.513446 0.399436 0.035022 0.028195
0 0.503127 0.362782 0.016886 0.020677
0 0.555660 0.432801 0.030644 0.044173
0 0.563790 0.414004 0.023139 0.029135
1 0.596310 0.475094 0.060663 0.138158
0 0.635710 0.472274 0.029393 0.059211
2 0.673233 0.491541 0.015635 0.058271
0 0.656035 0.445019 0.028768 0.042293
0 0.626954 0.426222 0.024390 0.034774
0 0.652595 0.421992 0.023139 0.028195
0 0.643840 0.412124 0.025641 0.034774
0 0.850532 0.521617 0.110069 0.062030
3 0.895872 0.487312 0.016886 0.053571
3 0.722952 0.507049 0.057536 0.066729
0 0.744841 0.460996 0.043777 0.042293
0 0.725766 0.436090 0.029393 0.028195
0 0.715760 0.421053 0.028143 0.026316
3 0.646654 0.387688 0.012508 0.015977
3 0.632896 0.389098 0.013759 0.015038
1 0.580050 0.381109 0.025641 0.038534
0 0.632583 0.346805 0.011882 0.020677
0 0.617261 0.351034 0.008755 0.017857
1 0.644465 0.324718 0.013133 0.014098
1 0.627892 0.320489 0.015009 0.015038
0 0.671670 0.358083 0.016260 0.016917
0 0.614447 0.385808 0.018136 0.019737
0 0.570356 0.337406 0.013759 0.016917
0 0.552220 0.330357 0.012508 0.015977
0 0.463102 0.428571 0.038149 0.039474