3 0.936836 0.899436 0.121326 0.201128
0 0.712320 0.632989 0.131332 0.119361
4 0.925891 0.629229 0.148218 0.258459
1 0.689181 0.397086 0.108818 0.106203
4 0.255159 0.318609 0.031270 0.046992
0 0.347092 0.550282 0.071295 0.064850
0 0.350219 0.519267 0.072545 0.042293
0 0.342714 0.485432 0.063790 0.081767
0 0.401814 0.421992 0.046904 0.067669
0 0.347092 0.437500 0.058787 0.038534
0 0.346154 0.403665 0.044403 0.042293
0 0.348655 0.378289 0.039400 0.034774
0 0.355222 0.361372 0.033771 0.038534
0 0.353033 0.341165 0.030644 0.022556
0 0.353346 0.328477 0.028768 0.021617
4 0.387430 0.331297 0.026892 0.049812
0 0.403690 0.312970 0.013133 0.026316
0 0.359912 0.317199 0.024390 0.017857
0 0.358974 0.305921 0.021263 0.012218
0 0.360851 0.295583 0.015009 0.006579
0 0.366479 0.296053 0.018762 0.020677
0 0.390869 0.293703 0.022514 0.023496
0 0.364603 0.283835 0.017511 0.009398
0 0.368043 0.279605 0.016886 0.012218
0 0.367417 0.271617 0.015635 0.013158
0 0.368668 0.266917 0.015635 0.009398
0 0.368668 0.259868 0.018136 0.014098
1 0.432458 0.232613 0.015635 0.027256
3 0.440275 0.242481 0.008755 0.011278
0 0.439024 0.259868 0.013759 0.017857
0 0.924640 0.423872 0.054409 0.033835
2 0.797373 0.439850 0.018762 0.030075
3 0.801751 0.448308 0.008755 0.065789
0 0.765166 0.436090 0.044403 0.062030
0 0.848655 0.406485 0.051282 0.036654
0 0.810194 0.386278 0.035647 0.037594
1 0.761726 0.382989 0.052533 0.083647
1 0.735460 0.346335 0.093809 0.057331
0 0.631332 0.393327 0.018136 0.032895
0 0.593183 0.373590 0.039400 0.044173
0 0.578174 0.344455 0.026892 0.023496
0 0.624140 0.298872 0.021263 0.024436
1 0.545028 0.297462 0.051907 0.061090
0 0.644465 0.325188 0.030644 0.033835
1 0.510944 0.275376 0.023765 0.037594
0 0.530957 0.251880 0.013759 0.018797
0 0.811445 0.562970 0.080675 0.103383
0 0.751407 0.481673 0.079425 0.072368
2 0.691057 0.474624 0.021263 0.033835