1 0.541500 0.308000 0.077000 0.130667
1 0.715000 0.350000 0.070000 0.102667
3 0.043000 0.712667 0.074000 0.126667
3 0.409500 0.455333 0.077000 0.089333
0 0.101000 0.936000 0.150000 0.120000
0 0.206500 0.860667 0.213000 0.073333
0 0.244500 0.822000 0.215000 0.108000
0 0.333000 0.664000 0.210000 0.154667
0 0.381000 0.600667 0.148000 0.097333
0 0.683500 0.510667 0.087000 0.114667
1 0.504500 0.490000 0.097000 0.140000
3 0.476500 0.378000 0.053000 0.046667
0 0.046500 0.461333 0.087000 0.058667
0 0.159000 0.420667 0.154000 0.094667
0 0.789500 0.426667 0.065000 0.074667
0 0.795500 0.366000 0.067000 0.070667
3 0.841000 0.342667 0.040000 0.061333
0 0.888000 0.375333 0.074000 0.057333
3 0.939500 0.300000 0.027000 0.058667
0 0.963000 0.287333 0.034000 0.044000
3 0.851500 0.308667 0.031000 0.025333
3 0.836500 0.294000 0.037000 0.030667
3 0.840000 0.272000 0.024000 0.016000
1 0.720000 0.334000 0.080000 0.132000
1 0.726000 0.260000 0.052000 0.018667
1 0.742000 0.246667 0.070000 0.032000
4 0.889000 0.286667 0.052000 0.045333
4 0.790000 0.312000 0.042000 0.042667
1 0.948000 0.187333 0.104000 0.038667
1 0.813000 0.176000 0.124000 0.050667
1 0.953000 0.162000 0.092000 0.012000
1 0.698500 0.198000 0.091000 0.036000
1 0.778000 0.216667 0.056000 0.030667
1 0.740000 0.220000 0.054000 0.018667
1 0.793500 0.235333 0.035000 0.054667
0 0.841500 0.246667 0.029000 0.032000
0 0.880500 0.242000 0.031000 0.025333
0 0.978000 0.249333 0.028000 0.024000
1 0.590500 0.286000 0.159000 0.153333
2 0.609500 0.511333 0.039000 0.052000
0 0.248000 0.398000 0.052000 0.049333
0 0.338000 0.370000 0.094000 0.046667
4 0.375500 0.338667 0.101000 0.050667
4 0.939000 0.234667 0.028000 0.029333
0 0.702500 0.174667 0.029000 0.010667