0 0.043880 0.299885 0.086220 0.062284
0 0.116243 0.300461 0.064665 0.047290
0 0.194380 0.272203 0.054657 0.032295
4 0.115089 0.271626 0.085450 0.056517
0 0.214781 0.294694 0.083141 0.049596
4 0.347575 0.281430 0.073133 0.069204
3 0.408776 0.292964 0.044650 0.041522
4 0.455350 0.280854 0.051578 0.051903
0 0.486143 0.291811 0.062356 0.039216
0 0.548499 0.292388 0.057737 0.033449
3 0.569284 0.275663 0.026944 0.013841
3 0.597768 0.276240 0.023865 0.014994
0 0.616628 0.290081 0.052348 0.028835
0 0.670131 0.287774 0.030023 0.026528
3 0.708237 0.283737 0.015396 0.029988
3 0.720554 0.282007 0.018476 0.028835
3 0.740570 0.284314 0.018476 0.026528
3 0.758276 0.283160 0.020015 0.028835
1 0.799076 0.274510 0.041570 0.036909
1 0.848730 0.268743 0.025404 0.020761
0 0.735181 0.260669 0.016936 0.009227
0 0.396074 0.454441 0.050038 0.027682
2 0.445727 0.436563 0.015396 0.019608
0 0.425327 0.472895 0.046959 0.025375
2 0.541186 0.434833 0.013857 0.025375
2 0.547729 0.415225 0.011547 0.020761
3 0.566590 0.434833 0.020015 0.023068
0 0.562356 0.459631 0.037721 0.031142
0 0.598152 0.416378 0.016936 0.023068
3 0.689376 0.402537 0.014627 0.018454
0 0.669746 0.414072 0.012317 0.020761
3 0.687067 0.391580 0.014627 0.019608
1 0.692456 0.367935 0.033102 0.036909
2 0.719784 0.346021 0.010778 0.018454
0 0.802540 0.337370 0.011547 0.026528
1 0.139723 0.751442 0.187067 0.160323
1 0.332948 0.604383 0.170131 0.163783
2 0.120862 0.960208 0.056967 0.079585
0 0.204003 0.927912 0.144727 0.141869
2 0.299461 0.960208 0.035412 0.049596
3 0.310239 0.830450 0.067744 0.092272
0 0.410316 0.870819 0.092379 0.119954
0 0.381447 0.775087 0.088530 0.108420
1 0.441493 0.899654 0.256351 0.200692
0 0.539646 0.787197 0.066205 0.074971
0 0.454196 0.698962 0.076982 0.050750
3 0.544265 0.679931 0.041570 0.065744
3 0.556197 0.728374 0.045420 0.061130
0 0.543110 0.633218 0.056197 0.059977
0 0.619707 0.871396 0.067744 0.132641
0 0.597383 0.677624 0.060046 0.058824
0 0.612394 0.741638 0.065435 0.096886
0 0.580831 0.598039 0.054657 0.051903
3 0.644727 0.643599 0.033102 0.062284
4 0.624711 0.597463 0.060816 0.106113
3 0.790993 0.640715 0.017706 0.047290
3 0.674365 0.511534 0.021555 0.021915
1 0.712471 0.694925 0.134719 0.227220
1 0.717475 0.587082 0.103156 0.143022
4 0.686297 0.554210 0.059276 0.088812
1 0.819861 0.572088 0.083141 0.131488
1 0.836798 0.467128 0.029253 0.066897
0 0.751732 0.486159 0.023865 0.033449
3 0.806005 0.480969 0.015396 0.027682
3 0.814088 0.496540 0.019246 0.021915
3 0.765589 0.471165 0.017706 0.024221
0 0.658968 0.544406 0.027714 0.041522
0 0.807929 0.521338 0.026944 0.032295
3 0.817937 0.416378 0.013087 0.025375
1 0.792148 0.403114 0.047729 0.056517
1 0.897229 0.363899 0.019246 0.042676
0 0.862972 0.388120 0.012317 0.019608
0 0.920323 0.356401 0.010008 0.018454
0 0.861817 0.366205 0.017706 0.017301
0 0.897614 0.410611 0.020015 0.023068
0 0.906467 0.337947 0.010008 0.013841
0 0.881447 0.351211 0.013857 0.017301
1 0.871824 0.264129 0.020785 0.020761
0 0.765204 0.260669 0.018476 0.011534