2 0.012702 0.949133 0.023865 0.067052
0 0.099692 0.963584 0.097768 0.070520
0 0.503849 0.887283 0.053118 0.070520
0 0.542340 0.964740 0.063895 0.070520
0 0.576982 0.858960 0.040801 0.067052
0 0.628945 0.730058 0.012317 0.019653
0 0.593533 0.747399 0.016936 0.021965
0 0.580062 0.758960 0.013087 0.024277
0 0.608160 0.731792 0.013857 0.018497
0 0.615858 0.721387 0.012317 0.016185
0 0.601232 0.724855 0.012317 0.018497
0 0.581601 0.736994 0.014627 0.017341
3 0.598152 0.809827 0.018476 0.040462
3 0.620477 0.839306 0.026174 0.048555
3 0.601617 0.765318 0.017706 0.027746
3 0.627791 0.760694 0.016166 0.027746
0 0.749423 0.928324 0.060816 0.087861
0 0.713626 0.816763 0.032333 0.045087
0 0.633949 0.698266 0.006928 0.009249
1 0.623172 0.694798 0.010008 0.023121
1 0.650500 0.709249 0.010778 0.019653
3 0.589299 0.725434 0.010008 0.015029
3 0.600462 0.706936 0.009238 0.012717
0 0.609700 0.712139 0.010778 0.011561
1 0.561971 0.780925 0.040031 0.070520