3 0.088145 0.400578 0.036182 0.061272
0 0.080062 0.986127 0.060046 0.027746
2 0.041955 0.700578 0.050038 0.046243
0 0.109700 0.125434 0.050038 0.054335
1 0.016166 0.016763 0.029253 0.031214
1 0.056197 0.016763 0.044650 0.031214
1 0.121247 0.038150 0.088530 0.073988
1 0.173595 0.117919 0.093149 0.097110
1 0.189761 0.092486 0.079292 0.092486
1 0.270593 0.128324 0.097768 0.136416
1 0.387991 0.197688 0.130870 0.120231
2 0.373364 0.250867 0.024634 0.034682
4 0.334103 0.228324 0.060046 0.056647
4 0.254811 0.209827 0.073903 0.065896
4 0.195150 0.186705 0.054657 0.061272
3 0.463818 0.182659 0.030023 0.030058
3 0.636644 0.239884 0.030793 0.049711
1 0.624326 0.191908 0.104696 0.097110
3 0.737875 0.102312 0.022325 0.035838
1 0.755581 0.053179 0.054657 0.080925
0 0.762895 0.016763 0.024634 0.024277
1 0.546189 0.258382 0.125481 0.082081
0 0.440724 0.321387 0.051578 0.036994
2 0.155119 0.602890 0.045420 0.047399
2 0.205158 0.582081 0.020785 0.061272
2 0.255966 0.809827 0.042340 0.052023
2 0.351424 0.812139 0.043880 0.042775
0 0.133949 0.361272 0.049269 0.072832
2 0.217860 0.327746 0.020015 0.038150
2 0.150885 0.417341 0.027714 0.039306
0 0.302540 0.269364 0.061586 0.062428
1 0.319477 0.471676 0.127791 0.187283
2 0.448422 0.482659 0.020785 0.040462
3 0.488453 0.456069 0.043880 0.068208
2 0.507313 0.327746 0.032333 0.042775
0 0.530023 0.439306 0.076212 0.087861
0 0.449577 0.589595 0.080062 0.097110
0 0.371824 0.653757 0.070824 0.109827
0 0.306774 0.730636 0.062356 0.143353
1 0.603541 0.845087 0.200154 0.279769
3 0.578137 0.719075 0.053888 0.069364
0 0.596998 0.665896 0.088530 0.101734
0 0.536567 0.531792 0.080062 0.092486
2 0.540031 0.638728 0.025404 0.058960
3 0.607390 0.585549 0.049269 0.077457
4 0.618168 0.540462 0.098537 0.126012
1 0.826020 0.872254 0.254042 0.255491
0 0.814858 0.716763 0.093149 0.110983
0 0.846805 0.682659 0.098537 0.121387
1 0.775212 0.321387 0.098537 0.157225
1 0.864126 0.183815 0.076212 0.150289
1 0.746728 0.187283 0.067744 0.136416
1 0.677829 0.282081 0.097768 0.157225
4 0.724018 0.326590 0.057737 0.089017
1 0.803310 0.198844 0.068514 0.106358
1 0.919169 0.105202 0.047729 0.104046
1 0.819092 0.069942 0.061586 0.100578
1 0.890300 0.039306 0.050038 0.076301