1 0.090454 0.752900 0.179369 0.457077
0 0.495381 0.954756 0.156274 0.090487
0 0.292148 0.878190 0.139338 0.192575
0 0.480754 0.802204 0.122402 0.163573
0 0.201694 0.665893 0.058507 0.143852
0 0.497306 0.676914 0.101617 0.126450
4 0.277136 0.709397 0.100077 0.172854
4 0.306774 0.647912 0.097768 0.131090
4 0.200539 0.558005 0.074673 0.113689
0 0.374519 0.592227 0.083911 0.100928
3 0.481139 0.578306 0.067744 0.089327
1 0.348345 0.471578 0.105466 0.163573
0 0.472671 0.512761 0.067744 0.085847
4 0.237875 0.483759 0.070824 0.097448
0 0.473826 0.460557 0.062356 0.034803
4 0.256351 0.435615 0.063125 0.087007
3 0.216320 0.404872 0.029253 0.083527
0 0.211701 0.320766 0.035412 0.045244
1 0.283680 0.374710 0.108545 0.157773
5 0.378753 0.384571 0.067744 0.117169
0 0.458430 0.447796 0.057737 0.067285
0 0.463048 0.407773 0.063895 0.063805
1 0.366821 0.314965 0.065435 0.040603
0 0.459199 0.362529 0.048499 0.026682
1 0.298691 0.283643 0.066205 0.029002
4 0.454580 0.270302 0.050038 0.069606
1 0.376059 0.198376 0.037721 0.051044
1 0.410316 0.190255 0.035412 0.041763
1 0.341416 0.228538 0.040801 0.041763
4 0.860662 0.933875 0.186297 0.132251
0 0.908776 0.779582 0.139338 0.194896
0 0.967283 0.748260 0.065435 0.162413
0 0.728253 0.696056 0.104696 0.146172
4 0.836028 0.638631 0.130870 0.112529
0 0.933025 0.645592 0.107775 0.100928
0 0.969977 0.564965 0.060046 0.116009
0 0.680523 0.595128 0.089299 0.083527
0 0.785989 0.558005 0.090839 0.111369
0 0.892225 0.582947 0.089299 0.068445
0 0.733641 0.530162 0.067744 0.095128
0 0.856813 0.543503 0.084681 0.073086
0 0.861817 0.505220 0.085450 0.077726
0 0.820631 0.455916 0.073903 0.074246
0 0.696690 0.415893 0.050808 0.082367
0 0.755966 0.403712 0.035412 0.071926
5 0.618553 0.433295 0.043880 0.066125
0 0.629330 0.479118 0.057737 0.044084
0 0.586990 0.404872 0.043880 0.058005
0 0.658584 0.409513 0.034642 0.064965
1 0.657429 0.341647 0.078522 0.117169
1 0.573518 0.324246 0.070824 0.096288
1 0.568129 0.209397 0.038491 0.066125