1 0.687256 0.800456 0.164551 0.395182
0 0.456787 0.926107 0.123535 0.146484
0 0.842773 0.833008 0.158203 0.188151
2 0.721680 0.621745 0.034180 0.044271
4 0.475342 0.778646 0.081543 0.139323
1 0.620850 0.580729 0.104980 0.190104
3 0.537354 0.570312 0.033691 0.029948
0 0.665527 0.532552 0.042969 0.054688
3 0.507324 0.513021 0.025391 0.045573
0 0.645752 0.487956 0.036621 0.039714
0 0.554443 0.471029 0.028809 0.026693
0 0.589355 0.459961 0.024414 0.033203
0 0.678711 0.471680 0.039062 0.038411
0 0.713867 0.451497 0.035156 0.031901
4 0.523438 0.451172 0.030273 0.050781
5 0.555420 0.442708 0.024902 0.032552
1 0.657959 0.422526 0.075684 0.063802
1 0.593018 0.419271 0.037598 0.057292
1 0.576660 0.391276 0.027344 0.028646
0 0.528809 0.416016 0.016602 0.018229
1 0.541992 0.333008 0.010742 0.012370
1 0.616455 0.384766 0.039551 0.013021
1 0.520752 0.350260 0.015137 0.019531
0 0.152832 0.930013 0.202148 0.139974
0 0.125000 0.826823 0.166992 0.157552
5 0.152344 0.694336 0.139648 0.137370
0 0.324951 0.695964 0.087402 0.101562
0 0.298828 0.628581 0.087891 0.076172
0 0.255127 0.605794 0.088379 0.069661
0 0.385010 0.586589 0.058105 0.057292
0 0.365234 0.553711 0.057617 0.046224
0 0.317627 0.543294 0.063965 0.046224
1 0.105225 0.549479 0.209473 0.161458
5 0.356445 0.495768 0.052734 0.048828
3 0.302490 0.518229 0.034668 0.045573
3 0.241455 0.562500 0.037598 0.049479
0 0.381592 0.515625 0.047363 0.039062
0 0.406738 0.487305 0.035156 0.031901
5 0.420410 0.455404 0.037109 0.033203
0 0.460693 0.448893 0.024902 0.025391
1 0.421387 0.423828 0.049805 0.044271
1 0.393066 0.414714 0.039062 0.027344
1 0.410645 0.393555 0.026367 0.016276
3 0.462646 0.427409 0.016113 0.017578
0 0.452637 0.410482 0.013672 0.017578
0 0.468018 0.418294 0.016113 0.017578
0 0.477783 0.401367 0.014160 0.013672
0 0.465332 0.383138 0.010742 0.012370
2 0.450439 0.392253 0.004395 0.007161
0 0.432129 0.379557 0.014648 0.013021