0 0.571484 0.878338 0.133594 0.243323
0 0.690234 0.814540 0.163281 0.370920
0 0.790234 0.839021 0.157031 0.316024
3 0.530859 0.696588 0.077344 0.135015
0 0.614453 0.617211 0.089844 0.183976
0 0.528125 0.599407 0.079687 0.154303
3 0.670312 0.562315 0.062500 0.151335
3 0.498437 0.491098 0.042188 0.094955
0 0.578906 0.497033 0.071875 0.133531
3 0.636719 0.479228 0.045312 0.097923
4 0.504687 0.413205 0.051562 0.158754
3 0.548438 0.375371 0.031250 0.074184
3 0.610156 0.418398 0.046875 0.065282
0 0.603906 0.377596 0.048438 0.060831
0 0.575000 0.331602 0.042188 0.069733
0 0.530469 0.332344 0.034375 0.053412
3 0.612500 0.327893 0.026562 0.062315
3 0.606641 0.302671 0.025781 0.050445
0 0.516016 0.308605 0.032031 0.047478
0 0.516406 0.274481 0.028125 0.038576
1 0.566406 0.244065 0.046875 0.105341
5 0.519531 0.227745 0.023438 0.040059
1 0.525781 0.123887 0.021875 0.054896
2 0.673438 0.473294 0.029687 0.038576
2 0.754687 0.651335 0.042188 0.062315
2 0.867969 0.834570 0.060937 0.132047
2 0.817969 0.744065 0.037500 0.105341
2 0.790625 0.645401 0.025000 0.041543
2 0.712500 0.491840 0.017188 0.063798
2 0.744141 0.600890 0.021094 0.050445
2 0.140234 0.441395 0.024219 0.060831