0 0.222279 0.641561 0.107449 0.048483
2 0.339341 0.710786 0.059389 0.032927
4 0.270340 0.607208 0.142465 0.040964
0 0.447820 0.563391 0.081359 0.022297
2 0.131480 0.630023 0.040508 0.026964
0 0.639890 0.578299 0.050807 0.028260
0 0.598867 0.565595 0.049777 0.023593
0 0.672674 0.549131 0.037418 0.020742
2 0.771713 0.518149 0.006866 0.011149
0 0.805012 0.507648 0.017164 0.010371
0 0.777206 0.505704 0.017164 0.010630
1 0.819602 0.594892 0.078613 0.084781
2 0.796258 0.836401 0.040851 0.071040
0 0.898215 0.571558 0.047717 0.027223
3 0.874185 0.592040 0.032612 0.037594