1 0.859656 0.902896 0.221267 0.194208
1 0.676310 0.645656 0.090696 0.275980
1 0.246286 0.505111 0.042220 0.063032
1 0.295934 0.470187 0.036747 0.054514
1 0.561767 0.532368 0.030493 0.093697
1 0.571931 0.458262 0.019547 0.047700
1 0.550430 0.448041 0.012510 0.034072
1 0.530102 0.423339 0.012510 0.018739
4 0.356919 0.509370 0.019547 0.044293
0 0.357701 0.563032 0.024238 0.042589
3 0.304144 0.534072 0.015637 0.039182
0 0.294762 0.520443 0.015637 0.032368
4 0.276388 0.495741 0.019547 0.040886
4 0.336591 0.524702 0.019547 0.057922
5 0.543002 0.816014 0.061767 0.197615
3 0.612197 0.839864 0.048475 0.160136
0 0.795543 0.706133 0.108679 0.090290
2 0.843628 0.658433 0.020328 0.045997
2 0.622752 0.761499 0.022674 0.030664
0 0.459734 0.776831 0.046912 0.112436
4 0.474980 0.689949 0.038311 0.081772
3 0.525410 0.697615 0.028147 0.069847
0 0.521110 0.631175 0.030493 0.069847
0 0.472244 0.631175 0.029711 0.049404
3 0.622752 0.611584 0.022674 0.064736
0 0.617279 0.581772 0.030493 0.045997
2 0.578577 0.589438 0.012510 0.040886
4 0.515246 0.546848 0.025020 0.074957
4 0.469898 0.555366 0.020328 0.051107
2 0.483190 0.543441 0.007819 0.027257
2 0.538311 0.494889 0.007037 0.025554
4 0.507428 0.490630 0.020328 0.044293
0 0.450352 0.493186 0.017201 0.028961
0 0.427678 0.480409 0.015637 0.030664
4 0.451525 0.457411 0.017983 0.039182
0 0.252541 0.846678 0.084441 0.146508
4 0.317435 0.673765 0.043784 0.114140
4 0.227131 0.666099 0.043002 0.112436
0 0.015637 0.691652 0.029711 0.068143
0 0.123143 0.587734 0.039875 0.047700
3 0.154418 0.560477 0.019547 0.044293
0 0.316654 0.511925 0.015637 0.025554
0 0.389367 0.464225 0.023456 0.018739
2 0.722830 0.711244 0.014855 0.056218