1 0.394410 0.585635 0.121118 0.254144
0 0.055901 0.820442 0.108696 0.171271
1 0.331522 0.526243 0.128882 0.267956
1 0.447205 0.306630 0.055901 0.077348
1 0.440217 0.389503 0.063665 0.093923
5 0.723602 0.900552 0.118012 0.193370
0 0.656056 0.830110 0.119565 0.245856
0 0.256988 0.654696 0.076087 0.088398
0 0.927019 0.762431 0.111801 0.121547
0 0.177019 0.515193 0.059006 0.058011
3 0.099379 0.662983 0.065217 0.138122
0 0.051242 0.709945 0.090062 0.044199
0 0.609472 0.664365 0.079193 0.074586
0 0.105590 0.495856 0.062112 0.046961
0 0.153727 0.466851 0.062112 0.049724
3 0.238354 0.591160 0.051242 0.066298
0 0.261646 0.345304 0.041925 0.033149
5 0.368012 0.377072 0.083851 0.046961
5 0.961180 0.951657 0.077640 0.091160